Volatility 3 Framework 2.28.0

PID	Process	Start VPN	End VPN	Tag	Protection	CommitCharge	PrivateMemory	File output	Notes	Hexdump	Disasm

1944	explorer.exe	0x2d30000	0x2d30fff	VadS	PAGE_EXECUTE_READWRITE	1	1	Disabled	N/A	
00 00 00 00 00 00 00 00 00 00 00 00 00 00 00 00 ................
00 00 00 00 00 00 00 00 00 00 00 00 00 00 00 00 ................
00 00 d3 02 00 00 00 00 00 00 00 00 00 00 00 00 ................
00 00 00 00 00 00 00 00 00 00 00 00 00 00 00 00 ................	00 00 00 00 00 00 00 00 00 00 00 00 00 00 00 00 00 00 00 00 00 00 00 00 00 00 00 00 00 00 00 00 00 00 d3 02 00 00 00 00 00 00 00 00 00 00 00 00 00 00 00 00 00 00 00 00 00 00 00 00 00 00 00 00
1944	explorer.exe	0x3e00000	0x3e0ffff	VadS	PAGE_EXECUTE_READWRITE	16	1	Disabled	N/A	
41 ba 80 00 00 00 48 b8 38 a1 93 fe fe 07 00 00 A.....H.8.......
48 ff 20 90 41 ba 81 00 00 00 48 b8 38 a1 93 fe H. .A.....H.8...
fe 07 00 00 48 ff 20 90 41 ba 82 00 00 00 48 b8 ....H. .A.....H.
38 a1 93 fe fe 07 00 00 48 ff 20 90 41 ba 83 00 8.......H. .A...	41 ba 80 00 00 00 48 b8 38 a1 93 fe fe 07 00 00 48 ff 20 90 41 ba 81 00 00 00 48 b8 38 a1 93 fe fe 07 00 00 48 ff 20 90 41 ba 82 00 00 00 48 b8 38 a1 93 fe fe 07 00 00 48 ff 20 90 41 ba 83 00
1688	SearchFilterHo	0xc80000	0xcfffff	VadS	PAGE_EXECUTE_READWRITE	2	1	Disabled	N/A	
00 00 00 00 00 00 00 00 b4 f4 9c fb 8c ec 00 01 ................
ee ff ee ff 00 00 00 00 28 01 c8 00 00 00 00 00 ........(.......
28 01 c8 00 00 00 00 00 00 00 c8 00 00 00 00 00 (...............
00 00 c8 00 00 00 00 00 80 00 00 00 00 00 00 00 ................	00 00 00 00 00 00 00 00 b4 f4 9c fb 8c ec 00 01 ee ff ee ff 00 00 00 00 28 01 c8 00 00 00 00 00 28 01 c8 00 00 00 00 00 00 00 c8 00 00 00 00 00 00 00 c8 00 00 00 00 00 80 00 00 00 00 00 00 00
2076	dllhost.exe	0x220000	0x22ffff	VadS	PAGE_EXECUTE_READWRITE	16	1	Disabled	N/A	
41 ba 80 00 00 00 48 b8 38 a1 93 fe fe 07 00 00 A.....H.8.......
48 ff 20 90 41 ba 81 00 00 00 48 b8 38 a1 93 fe H. .A.....H.8...
fe 07 00 00 48 ff 20 90 41 ba 82 00 00 00 48 b8 ....H. .A.....H.
38 a1 93 fe fe 07 00 00 48 ff 20 90 41 ba 83 00 8.......H. .A...	41 ba 80 00 00 00 48 b8 38 a1 93 fe fe 07 00 00 48 ff 20 90 41 ba 81 00 00 00 48 b8 38 a1 93 fe fe 07 00 00 48 ff 20 90 41 ba 82 00 00 00 48 b8 38 a1 93 fe fe 07 00 00 48 ff 20 90 41 ba 83 00
2076	dllhost.exe	0x350000	0x350fff	VadS	PAGE_EXECUTE_READWRITE	1	1	Disabled	N/A	
00 00 00 00 00 00 00 00 00 00 00 00 00 00 00 00 ................
00 00 00 00 00 00 00 00 00 00 00 00 00 00 00 00 ................
00 00 35 00 00 00 00 00 00 00 00 00 00 00 00 00 ..5.............
00 00 00 00 00 00 00 00 00 00 00 00 00 00 00 00 ................	00 00 00 00 00 00 00 00 00 00 00 00 00 00 00 00 00 00 00 00 00 00 00 00 00 00 00 00 00 00 00 00 00 00 35 00 00 00 00 00 00 00 00 00 00 00 00 00 00 00 00 00 00 00 00 00 00 00 00 00 00 00 00 00
3012	explorer.exe	0x3d60000	0x3d60fff	VadS	PAGE_EXECUTE_READWRITE	1	1	Disabled	N/A	
00 00 00 00 00 00 00 00 00 00 00 00 00 00 00 00 ................
00 00 00 00 00 00 00 00 00 00 00 00 00 00 00 00 ................
00 00 d6 03 00 00 00 00 00 00 00 00 00 00 00 00 ................
00 00 00 00 00 00 00 00 00 00 00 00 00 00 00 00 ................	00 00 00 00 00 00 00 00 00 00 00 00 00 00 00 00 00 00 00 00 00 00 00 00 00 00 00 00 00 00 00 00 00 00 d6 03 00 00 00 00 00 00 00 00 00 00 00 00 00 00 00 00 00 00 00 00 00 00 00 00 00 00 00 00
3012	explorer.exe	0x4000000	0x400ffff	VadS	PAGE_EXECUTE_READWRITE	16	1	Disabled	N/A	
41 ba 80 00 00 00 48 b8 38 a1 93 fe fe 07 00 00 A.....H.8.......
48 ff 20 90 41 ba 81 00 00 00 48 b8 38 a1 93 fe H. .A.....H.8...
fe 07 00 00 48 ff 20 90 41 ba 82 00 00 00 48 b8 ....H. .A.....H.
38 a1 93 fe fe 07 00 00 48 ff 20 90 41 ba 83 00 8.......H. .A...	41 ba 80 00 00 00 48 b8 38 a1 93 fe fe 07 00 00 48 ff 20 90 41 ba 81 00 00 00 48 b8 38 a1 93 fe fe 07 00 00 48 ff 20 90 41 ba 82 00 00 00 48 b8 38 a1 93 fe fe 07 00 00 48 ff 20 90 41 ba 83 00
2432	StikyNot.exe	0x2430000	0x2430fff	VadS	PAGE_EXECUTE_READWRITE	1	1	Disabled	N/A	
00 00 00 00 00 00 00 00 00 00 00 00 00 00 00 00 ................
00 00 00 00 00 00 00 00 00 00 00 00 00 00 00 00 ................
00 00 43 02 00 00 00 00 00 00 00 00 00 00 00 00 ..C.............
00 00 00 00 00 00 00 00 00 00 00 00 00 00 00 00 ................	00 00 00 00 00 00 00 00 00 00 00 00 00 00 00 00 00 00 00 00 00 00 00 00 00 00 00 00 00 00 00 00 00 00 43 02 00 00 00 00 00 00 00 00 00 00 00 00 00 00 00 00 00 00 00 00 00 00 00 00 00 00 00 00
